
strategic_region={
	id=21
	name="STRATEGICREGION_21"
	provinces={
		9 125 329 340 486 552 572 712 782 820 871 1133 1138 1189 1651 1675 1802 1854 1879 1902 1910 1923 2042 2096 2100 2105 2127 2227 2258 2278 2312 2328 2345 2388 2398 2412 2496 2574 2772 3005 3016 3062 3103 3135 3191 3314 3467 3503 3531 3687 4279 4313 4316 4321 4329 4332 4333 4350 4357 4371 4372 4374 4375 4376 4395 4396 4407 4414 4415 4430 4443 4445 4450 4454 4469 4476 4482 4514 4515 4518 4519 4520 4534 4537 4541 6970 7021 7106 7133 7134 7179 7234 
	}
	weather={
	}
}
