1 2833 3485 2151 2800 5766
#AVT
1 628 4215 2503 1322 4244 4250
1 4250 1280 1365 1795
1 1795 3036 4369 2698 2435 4361 2544 4399 3165 1360
1 1360 2894 4468 1870 4523 2313 4562 3189
1 3189 638 4563 2397 4536 3548 4478
1 3189 4609 14 4673 3106
1 3106 4673 4005 2077 4655 3967 2238
1 3106 4725 2417 4787 4798
1 4798 1038 4791 201 1058 4799 1396 1226
1 1226 4818 1021 4779
#ESU
1 1795 3102 3862 1716 4442 362 2656
1 3456 549 1059 1896 469
1 469 4625 1841
1 1841 1924 4708 4728 3333
1 1841 4679 4672 4699 4721
#AVT ESU 
1 2656 4526 2821 4551 88 4572 469
# AZE
1 3498 3982 2500 4932
#ESU AZE
1 3333 1403 3498
#AZE HRI
1 4932 2500 4929 1528
#HRI ONK
1 1528 4933 2679 4930 1473 4966
#ONK FRE
1 4966 2035 2091 395
#FRE WAO
1 395 4869 2234 1866
#FRE AIN
1 395 2430 3424 4874 845
#AIN
1 845 4794 1334 1844
#AIN SEN
1 845 1116 4843 178
#SEN
1 178 2108 2059 4917
#SEN SUA
1 4917 2365 1003 2461
#HRI UNU
1 1528 3814 3751 280
#UNU WEI
1 280 2463 3228 3383 1980
#UNU RIN
1 280 5028 2601 5042
#RIN
1 5042 5022 938
#RIN ASH
1 938 4995 1441 4993
#ASH SUA
1 4993 2158 2628 2884
#SUA
1 2884 1431 4970 114 3647 2461
#SUA AST
1 2884 5031 596 985 1278 5080
#AST
1 5080 97 2755 3976 964 2458 1097
1 5080 5097 3914 5123 914 1158 1922 5182
#RIN KAE
1 5042 3159 3436
#KAE
1 3436 3611 5106 2885 3357 2643
#SUN
1 1980 5014 5037 1991
1 1991 2649 3217 601 3708 106
1 106 3506 4925 946 4891 1671
#SUN TYK
1 1671 4836 2791 2555 3158 830 4677
#TYK
1 4677 830 668 2489 270 2179 4637
1 4677 1404 590 2668 2428
1 2428 1593 4564 1015 2166
1 2428 4568 1773 4539 3702 372
#SUN CRU 
1 1671 4863 1759 259 568 4827 899
#CRU
1 899 2620 3421 360 1224 627 3998 3916
#CRU CAI
1 899 4796 786 4733
#CAI
1 4733 2760 2987
1 2987 4780 1935 4847 1304 2598 4047 4994 2011
1 2011 1472 5000 68
#CAI BOR
1 2011 3273 2115 5074 582 2341 967
#CAI
1 967 5129 2190 3830 5157 1950
1 1950 5157 3744 5178 1831 2325 5205 1348
1 1348 2216 2936 5176
1 5176 482 3624 1113 456
#BOR VED
1 1348 5219 2277 5242 1156 5238
#VED
1 5238 1168 3001 171
1 171 392 2759 5235 3710 853 2868
1 171 1223 2907 693 5282 1710
1 1710 3188 5307 1633 2983
#VED LUA
1 5238 1740 1066 719
#LUA
1 719 2069 5311 2215 5333
#LUA CIL
1 2868 5222 531 923 5245 1162 5263
1 2983 1206 3693 1736 1801 5335
#CIL
1 5335 2774 3121 566
1 5335 5331 1609 5337 435
1 5335 2454 1470 5296 1836 5263
#CIL PRI
1 435 5320 3857
#PRI
1 3857 2521 2269