1 2833
1 5766
#AVT
1 628
1 4250
1 1795
1 1360
1 3189
1 3106
1 4478
1 2238
1 4798
1 1226
1 4779
1 4905
1 2656
# ESU
1 3456
1 469
1 1841
1 3333
1 4721
#AZE
1 3498
1 4932
#HRI
1 1528
#ONK
1 4966
#FRE
1 395
#WAO
1 1866
#AIN
1 845
1 1844
#UNU
1 280
#RIN
1 5042
1 938
#ASH
1 4993
#KAE
1 3436
1 2643
#SUA
1 2884
1 2461
#SEN
1 178
1 4917
#AST 
1 5080
1 1097
1 5182
#SUN
1 1991
1 106
1 1671
#TYK
1 4677
1 4637
1 2428
1 372
1 2166
#CRU
1 899
1 3916
#CAI
1 4733
1 2987
1 2011
1 68
#BOR
1 967
1 1950
1 1348
1 5176
1 456
#VED
1 5238
1 171
1 2868
1 1710
1 2983
#LUA
1 719
1 5333
#CIL
1 5263
1 5335
1 566
1 435
#PRI
1 2269
1 3857
#TEL
1 1524
#IJI
1 3122
1 193
1 3952
1 5315
1 5277
1 2110
1 3084
1 5067
1 1122
1 721
1 2286
1 1806
1 4952
1 1420
1 4962
1 2728
1 5044
1 2128
#TAB
1 4996
1 1674
1 2957
#ARK
1 4872
1 3691
1 812
1 1766
#SAL
1 2345
1 3531
1 2042
#ZHE 
1 4470
#AMA
1 1051
1 1647
1 4875
1 2075
#VEN
1 1399
1 4693
1 2304
1 1135
#SHI
1 1500
#TOK
1 4460
#BRV
1 125
1 4406
#YAN
1 3852
#VOI
1 4242
1 1959
1 4266
#KER 
1 1370
1 4024
1 4128
#ALK
1 4233
1 4307
#GLO
1 421
#OSH
1 2001 
1 3539
#SII
1 1000
1 713
#VAL
1 3308
1 1351
#SAV
1 2065
1 2141
1 604
#JEV
1 4158
1 4161
1 4101
#OSK
1 1270 
1 811
1 2630
1 4159
#GAL
1 10
1 3343
1 1558 
1 962
1 2969
1 2999